2.5e-05
5e-05
7.5e-05
0.0001
0.000125
0.00015
0.000175
0.0002
0.00022500000000000002
0.00025
0.000275
0.0003
0.00032500000000000004
0.00035
0.000375
0.0004
0.000425
0.00045000000000000004
0.000475
0.0005
0.0005250000000000001
0.00055
0.000575
0.0006
0.000625
0.0006500000000000001
0.000675
0.0007
0.000725
0.00075
0.0007750000000000001
0.0008
0.000825
0.00085
0.000875
0.0009000000000000001
0.000925
0.00095
0.000975
0.001
0.0009972222222222223
0.0009944444444444445
0.0009916666666666667
0.000988888888888889
0.0009861111111111112
0.0009833333333333332
0.0009805555555555555
0.0009777777777777777
0.000975
0.0009722222222222222
0.0009694444444444444
0.0009666666666666667
0.0009638888888888889
0.0009611111111111112
0.0009583333333333334
0.0009555555555555556
0.0009527777777777778
0.00095
0.0009472222222222222
0.0009444444444444445
0.0009416666666666667
0.000938888888888889
0.0009361111111111111
0.0009333333333333333
0.0009305555555555556
0.0009277777777777778
0.000925
0.0009222222222222223
0.0009194444444444444
0.0009166666666666666
0.0009138888888888889
0.0009111111111111111
0.0009083333333333334
0.0009055555555555556
0.0009027777777777778
0.0009000000000000001
0.0008972222222222223
0.0008944444444444445
0.0008916666666666667
0.0008888888888888888
0.0008861111111111111
0.0008833333333333333
0.0008805555555555555
0.0008777777777777778
0.000875
0.0008722222222222223
0.0008694444444444445
0.0008666666666666667
0.000863888888888889
0.0008611111111111112
0.0008583333333333333
0.0008555555555555556
0.0008527777777777777
0.00085
0.0008472222222222222
0.0008444444444444444
0.0008416666666666667
0.0008388888888888889
0.0008361111111111111
0.0008333333333333334
0.0008305555555555556
0.0008277777777777778
0.000825
0.0008222222222222222
0.0008194444444444445
0.0008166666666666667
0.000813888888888889
0.0008111111111111111
0.0008083333333333333
0.0008055555555555556
0.0008027777777777778
0.0008
0.0007972222222222223
0.0007944444444444444
0.0007916666666666666
0.0007888888888888889
0.0007861111111111111
0.0007833333333333334
0.0007805555555555556
0.0007777777777777778
0.0007750000000000001
0.0007722222222222223
0.0007694444444444445
0.0007666666666666667
0.0007638888888888888
0.0007611111111111111
0.0007583333333333333
0.0007555555555555555
0.0007527777777777778
0.00075
0.0007472222222222223
0.0007444444444444445
0.0007416666666666667
0.000738888888888889
0.0007361111111111112
0.0007333333333333333
0.0007305555555555556
0.0007277777777777777
0.000725
0.0007222222222222222
0.0007194444444444444
0.0007166666666666667
0.0007138888888888889
0.0007111111111111111
0.0007083333333333334
0.0007055555555555556
0.0007027777777777778
0.0007
0.0006972222222222222
0.0006944444444444445
0.0006916666666666667
0.000688888888888889
0.0006861111111111111
0.0006833333333333333
0.0006805555555555556
0.0006777777777777778
0.000675
0.0006722222222222223
0.0006694444444444444
0.0006666666666666666
0.0006638888888888889
0.0006611111111111111
0.0006583333333333334
0.0006555555555555556
0.0006527777777777778
0.0006500000000000001
0.0006472222222222223
0.0006444444444444444
0.0006416666666666667
0.0006388888888888888
0.0006361111111111111
0.0006333333333333333
0.0006305555555555555
0.0006277777777777778
0.000625
0.0006222222222222223
0.0006194444444444445
0.0006166666666666667
0.000613888888888889
0.0006111111111111112
0.0006083333333333333
0.0006055555555555556
0.0006027777777777777
0.0006
0.0005972222222222222
0.0005944444444444444
0.0005916666666666667
0.0005888888888888889
0.0005861111111111111
0.0005833333333333334
0.0005805555555555556
0.0005777777777777778
0.000575
0.0005722222222222222
0.0005694444444444445
0.0005666666666666667
0.000563888888888889
0.0005611111111111111
0.0005583333333333333
0.0005555555555555556
0.0005527777777777778
0.00055
0.0005472222222222223
0.0005444444444444444
0.0005416666666666666
0.0005388888888888889
0.0005361111111111111
0.0005333333333333334
0.0005305555555555556
0.0005277777777777778
0.0005250000000000001
0.0005222222222222223
0.0005194444444444444
0.0005166666666666667
0.0005138888888888888
0.0005111111111111111
0.0005083333333333333
0.0005055555555555555
0.0005027777777777778
0.0005
0.0004972222222222222
0.0004944444444444445
0.0004916666666666666
0.0004888888888888889
0.0004861111111111111
0.00048333333333333334
0.0004805555555555556
0.0004777777777777778
0.000475
0.00047222222222222224
0.0004694444444444445
0.00046666666666666666
0.0004638888888888889
0.00046111111111111114
0.0004583333333333333
0.00045555555555555556
0.0004527777777777778
0.00045000000000000004
0.0004472222222222222
0.0004444444444444444
0.00044166666666666665
0.0004388888888888889
0.00043611111111111113
0.00043333333333333337
0.0004305555555555556
0.0004277777777777778
0.000425
0.0004222222222222222
0.00041944444444444445
0.0004166666666666667
0.0004138888888888889
0.0004111111111111111
0.00040833333333333336
0.00040555555555555554
0.0004027777777777778
0.0004
0.0003972222222222222
0.00039444444444444444
0.0003916666666666667
0.0003888888888888889
0.00038611111111111116
0.00038333333333333334
0.00038055555555555553
0.00037777777777777777
0.000375
0.00037222222222222225
0.0003694444444444445
0.00036666666666666667
0.00036388888888888886
0.0003611111111111111
0.00035833333333333333
0.00035555555555555557
0.0003527777777777778
0.00035
0.00034722222222222224
0.0003444444444444445
0.00034166666666666666
0.0003388888888888889
0.00033611111111111114
0.0003333333333333333
0.00033055555555555556
0.0003277777777777778
0.00032500000000000004
0.0003222222222222222
0.0003194444444444444
0.00031666666666666665
0.0003138888888888889
0.0003111111111111111
0.00030833333333333337
0.0003055555555555556
0.0003027777777777778
0.0003
0.0002972222222222222
0.00029444444444444445
0.0002916666666666667
0.0002888888888888889
0.0002861111111111111
0.00028333333333333335
0.00028055555555555554
0.0002777777777777778
0.000275
0.0002722222222222222
0.00026944444444444444
0.0002666666666666667
0.0002638888888888889
0.00026111111111111116
0.00025833333333333334
0.00025555555555555553
0.00025277777777777777
0.00025
0.00024722222222222224
0.00024444444444444443
0.00024166666666666667
0.0002388888888888889
0.00023611111111111112
0.00023333333333333333
0.00023055555555555557
0.00022777777777777778
0.00022500000000000002
0.0002222222222222222
0.00021944444444444444
0.00021666666666666668
0.0002138888888888889
0.0002111111111111111
0.00020833333333333335
0.00020555555555555556
0.00020277777777777777
0.0002
0.00019722222222222222
0.00019444444444444446
0.00019166666666666667
0.00018888888888888888
0.00018611111111111112
0.00018333333333333334
0.00018055555555555555
0.00017777777777777779
0.000175
0.00017222222222222224
0.00016944444444444445
0.00016666666666666666
0.0001638888888888889
0.0001611111111111111
0.00015833333333333332
0.00015555555555555556
0.0001527777777777778
0.00015
0.00014722222222222223
0.00014444444444444444
0.00014166666666666668
0.0001388888888888889
0.0001361111111111111
0.00013333333333333334
0.00013055555555555558
0.00012777777777777776
0.000125
0.00012222222222222221
0.00011944444444444445
0.00011666666666666667
0.00011388888888888889
0.0001111111111111111
0.00010833333333333334
0.00010555555555555555
0.00010277777777777778
0.0001
9.722222222222223e-05
9.444444444444444e-05
9.166666666666667e-05
8.888888888888889e-05
8.611111111111112e-05
8.333333333333333e-05
8.055555555555556e-05
7.777777777777778e-05
7.5e-05
7.222222222222222e-05
6.944444444444444e-05
6.666666666666667e-05
6.388888888888888e-05
6.111111111111111e-05
5.833333333333333e-05
5.555555555555555e-05
5.277777777777778e-05
5e-05
4.722222222222222e-05
4.4444444444444447e-05
4.1666666666666665e-05
3.888888888888889e-05
3.611111111111111e-05
3.3333333333333335e-05
3.0555555555555554e-05
2.7777777777777776e-05
2.5e-05
2.2222222222222223e-05
1.9444444444444445e-05
1.6666666666666667e-05
1.3888888888888888e-05
1.1111111111111112e-05
8.333333333333334e-06
5.555555555555556e-06
2.777777777777778e-06
0.0
