nan
0.013605442176870748
nan
0.018691588785046728
0.028169014084507043
nan
nan
nan
nan
nan
nan
nan
nan
nan
nan
nan
nan
nan
nan
nan
nan
nan
nan
nan
nan
nan
nan
nan
nan
nan
nan
nan
nan
nan
nan
nan
nan
nan
nan
nan
nan
nan
nan
nan
nan
nan
nan
nan
nan
nan
nan
nan
nan
nan
nan
nan
nan
nan
nan
nan
nan
nan
nan
0.08333333333333333
0.02777777777777778
nan
nan
nan
nan
nan
nan
nan
nan
nan
nan
nan
nan
nan
nan
nan
nan
nan
nan
nan
nan
nan
nan
nan
nan
nan
nan
nan
nan
nan
nan
nan
nan
nan
0.08333333333333333
0.16000000000000003
0.16000000000000003
0.16
0.23076923076923078
0.22222222222222218
0.2962962962962963
0.39999999999999997
0.4
0.5454545454545454
0.5454545454545454
0.5161290322580646
0.5161290322580645
0.6060606060606061
0.6470588235294117
0.4666666666666667
0.606060606060606
0.6857142857142857
0.6857142857142857
0.7894736842105262
0.8205128205128205
0.7567567567567567
0.7222222222222223
0.6857142857142857
0.8205128205128205
0.85
0.8205128205128205
0.85
0.85
0.85
0.8205128205128205
0.7894736842105263
0.8205128205128205
0.85
0.878048780487805
0.878048780487805
0.85
0.878048780487805
0.878048780487805
0.878048780487805
0.8205128205128205
0.8205128205128205
0.878048780487805
0.878048780487805
0.878048780487805
0.878048780487805
0.878048780487805
0.878048780487805
0.878048780487805
0.878048780487805
0.878048780487805
0.878048780487805
0.85
0.9047619047619047
0.878048780487805
0.878048780487805
0.878048780487805
0.9047619047619047
0.878048780487805
0.9047619047619047
0.9047619047619047
0.9047619047619047
0.9047619047619047
0.878048780487805
0.9047619047619047
0.9302325581395349
0.9047619047619047
0.85
0.9047619047619047
0.9047619047619047
0.9047619047619047
0.9047619047619047
0.9302325581395349
0.878048780487805
0.9047619047619047
0.9047619047619047
0.9302325581395349
0.9302325581395349
0.9302325581395349
0.9302325581395349
0.9302325581395349
0.9302325581395349
0.9302325581395349
0.9047619047619047
0.9302325581395349
0.9302325581395349
0.9302325581395349
0.9302325581395349
0.9302325581395349
0.9545454545454545
0.9302325581395349
0.9302325581395349
0.9302325581395349
0.9545454545454545
0.9777777777777777
0.9545454545454545
0.9302325581395349
0.9545454545454545
0.9545454545454545
0.9777777777777777
0.9545454545454545
0.9302325581395349
0.9302325581395349
0.9545454545454545
0.9777777777777777
0.9777777777777777
0.9777777777777777
0.9302325581395349
0.9302325581395349
1.0
1.0
0.9545454545454545
0.9545454545454545
1.0
1.0
1.0
1.0
0.9777777777777777
1.0
1.0
0.9777777777777777
1.0
1.0
0.9777777777777777
0.9777777777777777
1.0
1.0
1.0
1.0
1.0
1.0
0.9777777777777777
0.9777777777777777
1.0
1.0
1.0
1.0
1.0
1.0
1.0
1.0
1.0
1.0
1.0
1.0
1.0
1.0
1.0
1.0
1.0
1.0
1.0
0.9777777777777777
1.0
1.0
1.0
1.0
1.0
1.0
1.0
1.0
1.0
1.0
1.0
1.0
1.0
1.0
1.0
1.0
1.0
1.0
1.0
1.0
1.0
1.0
1.0
1.0
1.0
1.0
1.0
1.0
1.0
1.0
1.0
1.0
1.0
1.0
1.0
1.0
1.0
1.0
1.0
1.0
1.0
1.0
1.0
1.0
1.0
1.0
1.0
1.0
1.0
1.0
1.0
1.0
1.0
1.0
1.0
1.0
1.0
1.0
1.0
1.0
1.0
1.0
1.0
1.0
1.0
1.0
1.0
1.0
1.0
1.0
1.0
1.0
1.0
1.0
1.0
0.9777777777777777
1.0
1.0
1.0
1.0
1.0
1.0
1.0
1.0
1.0
1.0
1.0
1.0
1.0
1.0
1.0
1.0
1.0
1.0
1.0
1.0
1.0
1.0
1.0
1.0
1.0
1.0
1.0
1.0
1.0
1.0
1.0
1.0
1.0
1.0
1.0
1.0
1.0
1.0
1.0
1.0
1.0
1.0
1.0
1.0
1.0
1.0
1.0
1.0
1.0
1.0
1.0
1.0
1.0
1.0
1.0
1.0
1.0
1.0
1.0
1.0
1.0
1.0
1.0
1.0
1.0
1.0
1.0
1.0
1.0
1.0
1.0
1.0
1.0
