0.2032967032967033
0.2032967032967033
0.2802197802197802
0.4230769230769231
0.6208791208791209
0.7692307692307693
0.8516483516483516
0.8736263736263736
0.8736263736263736
0.8736263736263736
0.8736263736263736
0.8736263736263736
0.8736263736263736
0.8736263736263736
0.8736263736263736
0.8736263736263736
0.8736263736263736
0.8736263736263736
0.8736263736263736
0.8736263736263736
0.8736263736263736
0.8736263736263736
0.8736263736263736
0.8736263736263736
0.8736263736263736
0.8736263736263736
0.8736263736263736
0.8736263736263736
0.8736263736263736
0.8736263736263736
0.8736263736263736
0.8736263736263736
0.8736263736263736
0.8736263736263736
0.8736263736263736
0.8736263736263736
0.8736263736263736
0.8736263736263736
0.8736263736263736
0.8736263736263736
0.8736263736263736
0.8736263736263736
0.8736263736263736
0.8736263736263736
0.8736263736263736
0.8736263736263736
0.8736263736263736
0.8736263736263736
0.8736263736263736
0.8736263736263736
0.8736263736263736
0.8736263736263736
0.8736263736263736
0.8736263736263736
0.8736263736263736
0.8736263736263736
0.8736263736263736
0.8736263736263736
0.8736263736263736
0.8736263736263736
0.8736263736263736
0.8736263736263736
0.8736263736263736
0.8791208791208791
0.23076923076923078
0.8736263736263736
0.8736263736263736
0.8736263736263736
0.8736263736263736
0.8736263736263736
0.8736263736263736
0.8736263736263736
0.8736263736263736
0.8736263736263736
0.8736263736263736
0.8736263736263736
0.8736263736263736
0.8736263736263736
0.8736263736263736
0.8736263736263736
0.8736263736263736
0.8736263736263736
0.8736263736263736
0.8736263736263736
0.8736263736263736
0.8736263736263736
0.8736263736263736
0.8736263736263736
0.8736263736263736
0.8736263736263736
0.8736263736263736
0.8736263736263736
0.8736263736263736
0.8736263736263736
0.8736263736263736
0.8736263736263736
0.8736263736263736
0.8736263736263736
0.8791208791208791
0.8846153846153846
0.8846153846153846
0.8846153846153846
0.8901098901098901
0.8846153846153846
0.8956043956043956
0.9010989010989011
0.9010989010989011
0.9175824175824175
0.9175824175824175
0.9175824175824175
0.9175824175824175
0.9285714285714286
0.9340659340659341
0.9120879120879121
0.9285714285714286
0.9395604395604396
0.9395604395604396
0.9560439560439561
0.9615384615384616
0.9505494505494505
0.945054945054945
0.9395604395604396
0.9615384615384616
0.967032967032967
0.9615384615384616
0.967032967032967
0.967032967032967
0.967032967032967
0.9615384615384616
0.9560439560439561
0.9615384615384616
0.967032967032967
0.9725274725274725
0.9725274725274725
0.967032967032967
0.9725274725274725
0.9725274725274725
0.9725274725274725
0.9615384615384616
0.9615384615384616
0.9725274725274725
0.9725274725274725
0.9725274725274725
0.9725274725274725
0.9725274725274725
0.9725274725274725
0.9725274725274725
0.9725274725274725
0.9725274725274725
0.9725274725274725
0.967032967032967
0.978021978021978
0.9725274725274725
0.9725274725274725
0.9725274725274725
0.978021978021978
0.9725274725274725
0.978021978021978
0.978021978021978
0.978021978021978
0.978021978021978
0.9725274725274725
0.978021978021978
0.9835164835164835
0.978021978021978
0.967032967032967
0.978021978021978
0.978021978021978
0.978021978021978
0.978021978021978
0.9835164835164835
0.9725274725274725
0.978021978021978
0.978021978021978
0.9835164835164835
0.9835164835164835
0.9835164835164835
0.9835164835164835
0.9835164835164835
0.9835164835164835
0.9835164835164835
0.978021978021978
0.9835164835164835
0.9835164835164835
0.9835164835164835
0.9835164835164835
0.9835164835164835
0.989010989010989
0.9835164835164835
0.9835164835164835
0.9835164835164835
0.989010989010989
0.9945054945054945
0.989010989010989
0.9835164835164835
0.989010989010989
0.989010989010989
0.9945054945054945
0.989010989010989
0.9835164835164835
0.9835164835164835
0.989010989010989
0.9945054945054945
0.9945054945054945
0.9945054945054945
0.9835164835164835
0.9835164835164835
1.0
1.0
0.989010989010989
0.989010989010989
1.0
1.0
1.0
1.0
0.9945054945054945
1.0
1.0
0.9945054945054945
1.0
1.0
0.9945054945054945
0.9945054945054945
1.0
1.0
1.0
1.0
1.0
1.0
0.9945054945054945
0.9945054945054945
1.0
1.0
1.0
1.0
1.0
1.0
1.0
1.0
1.0
1.0
1.0
1.0
1.0
1.0
1.0
1.0
1.0
1.0
1.0
0.9945054945054945
1.0
1.0
1.0
1.0
1.0
1.0
1.0
1.0
1.0
1.0
1.0
1.0
1.0
1.0
1.0
1.0
1.0
1.0
1.0
1.0
1.0
1.0
1.0
1.0
1.0
1.0
1.0
1.0
1.0
1.0
1.0
1.0
1.0
1.0
1.0
1.0
1.0
1.0
1.0
1.0
1.0
1.0
1.0
1.0
1.0
1.0
1.0
1.0
1.0
1.0
1.0
1.0
1.0
1.0
1.0
1.0
1.0
1.0
1.0
1.0
1.0
1.0
1.0
1.0
1.0
1.0
1.0
1.0
1.0
1.0
1.0
1.0
1.0
1.0
1.0
0.9945054945054945
1.0
1.0
1.0
1.0
1.0
1.0
1.0
1.0
1.0
1.0
1.0
1.0
1.0
1.0
1.0
1.0
1.0
1.0
1.0
1.0
1.0
1.0
1.0
1.0
1.0
1.0
1.0
1.0
1.0
1.0
1.0
1.0
1.0
1.0
1.0
1.0
1.0
1.0
1.0
1.0
1.0
1.0
1.0
1.0
1.0
1.0
1.0
1.0
1.0
1.0
1.0
1.0
1.0
1.0
1.0
1.0
1.0
1.0
1.0
1.0
1.0
1.0
1.0
1.0
1.0
1.0
1.0
1.0
1.0
1.0
1.0
1.0
1.0
